file	transplantNum	leaf	petioleLength	bladeLength	bladeWidth	bladeArea	bladePerimeter	bladeCircularity
scan-25_plant-510.tiff (blue)	510	1	0.250	0.248	0.230	0.045	0.973	0.595
scan-25_plant-510.tiff (blue)	510	2	0.213	0.242	0.227	0.043	0.950	0.602
scan-25_plant-510.tiff (blue)	510	3	0.330	0.373	0.319	0.093	1.407	0.593
scan-25_plant-510.tiff (blue)	510	4	0.347	0.388	0.366	0.112	1.617	0.537
scan-25_plant-510.tiff (blue)	510	5	0.409	0.523	0.396	0.163	1.870	0.584
scan-25_plant-510.tiff (blue)	510	6	0.479	0.604	0.363	0.172	1.993	0.544
scan-25_plant-510.tiff (blue)	510	7	0.466	0.565	0.376	0.167	1.913	0.572
scan-25_plant-510.tiff (blue)	510	8	0.467	0.577	0.443	0.201	2.090	0.578
scan-25_plant-510.tiff (blue)	510	9	0.399	0.564	0.379	0.168	1.927	0.568
scan-25_plant-510.tiff (blue)	510	10	0.297	0.537	0.340	0.143	1.830	0.538

scan-26_plant-528.tiff (blue)	528	1	0.207	0.264	0.219	0.045	0.997	0.573
scan-26_plant-528.tiff (blue)	528	2	0.194	0.232	0.204	0.037	0.887	0.594
scan-26_plant-528.tiff (blue)	528	3	0.354	0.434	0.342	0.117	1.597	0.575
scan-26_plant-528.tiff (blue)	528	4	0.277	0.491	0.322	0.124	1.703	0.537
scan-26_plant-528.tiff (blue)	528	5	0.513	0.683	0.376	0.202	2.240	0.505
scan-26_plant-528.tiff (blue)	528	6	0.522	0.814	0.415	0.265	2.603	0.492
scan-26_plant-528.tiff (blue)	528	7	0.538	0.781	0.456	0.280	2.623	0.510
scan-26_plant-528.tiff (blue)	528	8	0.510	0.869	0.351	0.240	2.610	0.442
scan-26_plant-528.tiff (blue)	528	9	0.362	0.839	0.374	0.246	2.610	0.455
scan-26_plant-528.tiff (blue)	528	10	0.319	0.623	0.253	0.124	1.867	0.446

scan-27_plant-545.tiff (blue)	545	1	0.239	0.307	0.257	0.062	1.160	0.578
scan-27_plant-545.tiff (blue)	545	2	0.223	0.278	0.234	0.051	1.063	0.569
scan-27_plant-545.tiff (blue)	545	3	0.318	0.443	0.316	0.110	1.623	0.525
scan-27_plant-545.tiff (blue)	545	4	0.364	0.544	0.395	0.169	1.927	0.571
scan-27_plant-545.tiff (blue)	545	5	0.506	0.762	0.442	0.264	2.510	0.527
scan-27_plant-545.tiff (blue)	545	6	0.661	0.765	0.525	0.315	2.647	0.566
scan-27_plant-545.tiff (blue)	545	7	0.687	1.055	0.415	0.344	3.143	0.437
scan-27_plant-545.tiff (blue)	545	8	0.695	1.093	0.414	0.356	3.163	0.447
scan-27_plant-545.tiff (blue)	545	9	0.632	1.041	0.343	0.280	2.930	0.411
scan-27_plant-545.tiff (blue)	545	10	0.556	1.133	0.330	0.294	3.130	0.377

scan-28_plant-555.tiff (blue)	555	1	0.298	0.320	0.284	0.071	1.240	0.583
scan-28_plant-555.tiff (blue)	555	2	0.319	0.315	0.311	0.077	1.290	0.581
scan-28_plant-555.tiff (blue)	555	3	0.519	0.533	0.446	0.187	2.167	0.500
scan-28_plant-555.tiff (blue)	555	4	0.581	0.515	0.484	0.196	2.440	0.413
scan-28_plant-555.tiff (blue)	555	5	0.838	1.013	0.549	0.437	3.220	0.530
scan-28_plant-555.tiff (blue)	555	6	0.933	1.137	0.531	0.475	3.510	0.484
scan-28_plant-555.tiff (blue)	555	7	0.898	0.950	0.556	0.414	3.227	0.500
scan-28_plant-555.tiff (blue)	555	8	0.867	1.095	0.608	0.523	3.487	0.540
scan-28_plant-555.tiff (blue)	555	9	0.794	1.079	0.585	0.496	3.547	0.496
scan-28_plant-555.tiff (blue)	555	10	0.823	0.948	0.440	0.328	2.923	0.482

scan-29_plant-568.tiff (blue)	568	1	0.193	0.238	0.206	0.039	0.903	0.594
scan-29_plant-568.tiff (blue)	568	2	0.167	0.223	0.190	0.033	0.857	0.569
scan-29_plant-568.tiff (blue)	568	3	0.355	0.489	0.397	0.153	1.807	0.587
scan-29_plant-568.tiff (blue)	568	4	0.368	0.542	0.422	0.179	2.010	0.558
scan-29_plant-568.tiff (blue)	568	5	0.468	0.801	0.350	0.220	2.353	0.499
scan-29_plant-568.tiff (blue)	568	6	0.586	0.750	0.427	0.252	2.430	0.536
scan-29_plant-568.tiff (blue)	568	7	0.675	0.852	0.415	0.278	2.617	0.510
scan-29_plant-568.tiff (blue)	568	8	0.621	0.875	0.492	0.338	2.903	0.504
scan-29_plant-568.tiff (blue)	568	9	0.571	0.878	0.425	0.293	2.753	0.486
scan-29_plant-568.tiff (blue)	568	10	0.529	0.909	0.390	0.278	2.703	0.478

scan-30_plant-585.tiff (blue)	585	1	0.240	0.264	0.234	0.048	1.037	0.566
scan-30_plant-585.tiff (blue)	585	2	0.226	0.241	0.167	0.032	0.857	0.541
scan-30_plant-585.tiff (blue)	585	3	0.340	0.447	0.353	0.124	1.683	0.550
scan-30_plant-585.tiff (blue)	585	4	0.469	0.542	0.467	0.199	2.173	0.529
scan-30_plant-585.tiff (blue)	585	5	0.615	0.701	0.479	0.263	2.433	0.559
scan-30_plant-585.tiff (blue)	585	6	0.791	0.938	0.495	0.365	2.927	0.535
scan-30_plant-585.tiff (blue)	585	7	0.937	1.003	0.483	0.380	3.137	0.486
scan-30_plant-585.tiff (blue)	585	8	0.797	1.182	0.529	0.491	3.667	0.459
scan-30_plant-585.tiff (blue)	585	9	0.926	1.000	0.515	0.404	3.250	0.481
scan-30_plant-585.tiff (blue)	585	10	0.620	1.092	0.495	0.425	3.577	0.417

scan-31_plant-606.tiff (blue)	606	1	0.277	0.289	0.237	0.054	1.100	0.559
scan-31_plant-606.tiff (blue)	606	2	0.191	0.277	0.216	0.047	1.013	0.575
scan-31_plant-606.tiff (blue)	606	3	0.370	0.474	0.362	0.135	1.727	0.567
scan-31_plant-606.tiff (blue)	606	4	0.445	0.618	0.442	0.214	2.217	0.548
scan-31_plant-606.tiff (blue)	606	5	0.488	0.791	0.409	0.254	2.463	0.526
scan-31_plant-606.tiff (blue)	606	6	0.530	0.924	0.409	0.297	2.833	0.465
scan-31_plant-606.tiff (blue)	606	7	0.672	0.972	0.348	0.266	2.763	0.438
scan-31_plant-606.tiff (blue)	606	8	0.629	0.984	0.359	0.277	2.847	0.430
scan-31_plant-606.tiff (blue)	606	9	0.698	1.094	0.390	0.335	3.073	0.446
scan-31_plant-606.tiff (blue)	606	10	0.602	1.001	0.349	0.274	2.900	0.410

scan-32_plant-626.tiff (blue)	626	1	0.176	0.254	0.221	0.044	0.980	0.577
scan-32_plant-626.tiff (blue)	626	2	0.236	0.269	0.213	0.045	0.980	0.589
scan-32_plant-626.tiff (blue)	626	3	0.413	0.494	0.420	0.163	1.883	0.578
scan-32_plant-626.tiff (blue)	626	4	0.387	0.376	0.227	0.067	2.440	0.142
scan-32_plant-626.tiff (blue)	626	5	0.496	0.838	0.534	0.352	2.897	0.527
scan-32_plant-626.tiff (blue)	626	6	0.553	0.947	0.578	0.430	3.163	0.540
scan-32_plant-626.tiff (blue)	626	7	0.659	1.177	0.530	0.490	3.583	0.479
scan-32_plant-626.tiff (blue)	626	8	0.540	1.194	0.547	0.513	3.650	0.484
scan-32_plant-626.tiff (blue)	626	9	0.615	1.218	0.516	0.494	3.717	0.449
scan-32_plant-626.tiff (blue)	626	10	0.710	1.211	0.560	0.533	3.683	0.493

scan-33_plant-636.tiff (blue)	636	1	0.336	0.323	0.239	0.061	1.153	0.573
scan-33_plant-636.tiff (blue)	636	2	0.280	0.313	0.228	0.056	1.237	0.460
scan-33_plant-636.tiff (blue)	636	3	0.489	0.576	0.464	0.210	2.120	0.586
scan-33_plant-636.tiff (blue)	636	4	0.492	0.633	0.477	0.237	2.343	0.543
scan-33_plant-636.tiff (blue)	636	5	0.616	0.949	0.477	0.355	2.947	0.514
scan-33_plant-636.tiff (blue)	636	6	0.752	1.073	0.558	0.470	3.380	0.517
scan-33_plant-636.tiff (blue)	636	7	0.700	1.185	0.413	0.385	3.420	0.413
scan-33_plant-636.tiff (blue)	636	8	0.590	1.368	0.499	0.536	4.013	0.418
scan-33_plant-636.tiff (blue)	636	9	0.810	1.269	0.483	0.482	3.790	0.421
scan-33_plant-636.tiff (blue)	636	10	0.593	1.246	0.544	0.533	3.753	0.475

scan-34_plant-649.tiff (blue)	649	1	0.216	0.232	0.201	0.037	0.963	0.496
scan-34_plant-649.tiff (blue)	649	2	0.229	0.242	0.212	0.040	1.127	0.399
scan-34_plant-649.tiff (blue)	649	3	0.355	0.492	0.394	0.152	1.813	0.581
scan-34_plant-649.tiff (blue)	649	4	0.379	0.547	0.416	0.179	2.000	0.562
scan-34_plant-649.tiff (blue)	649	5	0.670	0.773	0.510	0.309	2.643	0.556
scan-34_plant-649.tiff (blue)	649	6	0.743	0.949	0.445	0.332	2.940	0.482
scan-34_plant-649.tiff (blue)	649	7	0.783	0.932	0.460	0.337	2.937	0.491
scan-34_plant-649.tiff (blue)	649	8	0.770	1.033	0.524	0.425	3.233	0.510
scan-34_plant-649.tiff (blue)	649	9	0.672	1.041	0.513	0.419	3.233	0.504
scan-34_plant-649.tiff (blue)	649	10	0.555	1.034	0.495	0.402	3.267	0.474

scan-35_plant-662.tiff (blue)	662	1	0.205	0.261	0.224	0.046	0.990	0.588
scan-35_plant-662.tiff (blue)	662	2	0.179	0.279	0.245	0.054	1.060	0.602
scan-35_plant-662.tiff (blue)	662	3	0.451	0.561	0.498	0.220	2.237	0.551
scan-35_plant-662.tiff (blue)	662	4	0.544	0.738	0.553	0.321	2.670	0.565
scan-35_plant-662.tiff (blue)	662	5	0.538	0.866	0.570	0.388	2.967	0.554
scan-35_plant-662.tiff (blue)	662	6	0.819	1.122	0.524	0.462	3.413	0.498
scan-35_plant-662.tiff (blue)	662	7	0.974	1.095	0.678	0.583	3.647	0.551
scan-35_plant-662.tiff (blue)	662	8	0.945	1.127	0.617	0.546	3.687	0.505
scan-35_plant-662.tiff (blue)	662	9	0.619	1.182	0.597	0.554	3.933	0.450
scan-35_plant-662.tiff (blue)	662	10	0.882	1.118	0.606	0.532	3.647	0.503

scan-36_plant-685.tiff (blue)	685	1	0.186	0.240	0.200	0.038	0.897	0.589
scan-36_plant-685.tiff (blue)	685	2	0.192	0.209	0.172	0.028	0.863	0.477
scan-36_plant-685.tiff (blue)	685	3	0.305	0.424	0.383	0.127	1.650	0.588
scan-36_plant-685.tiff (blue)	685	4	0.416	0.453	0.412	0.147	1.757	0.598
scan-36_plant-685.tiff (blue)	685	5	0.597	0.769	0.500	0.302	2.613	0.556
scan-36_plant-685.tiff (blue)	685	6	0.703	0.789	0.527	0.326	2.793	0.526
scan-36_plant-685.tiff (blue)	685	7	0.668	0.895	0.514	0.361	2.960	0.518
scan-36_plant-685.tiff (blue)	685	8	0.687	0.827	0.464	0.301	2.677	0.528
scan-36_plant-685.tiff (blue)	685	9	0.580	0.845	0.454	0.301	2.850	0.466
scan-36_plant-685.tiff (blue)	685	10	0.471	0.693	0.442	0.240	2.463	0.498

scan-37_plant-501.tiff (blue)	501	1	0.179	0.236	0.218	0.040	0.933	0.584
scan-37_plant-501.tiff (blue)	501	2	0.294	0.296	0.264	0.061	1.143	0.590
scan-37_plant-501.tiff (blue)	501	3	0.376	0.509	0.415	0.166	1.883	0.588
scan-37_plant-501.tiff (blue)	501	4	0.514	0.363	0.350	0.100	1.477	0.576
scan-37_plant-501.tiff (blue)	501	5	0.331	0.367	0.249	0.072	1.287	0.545
scan-37_plant-501.tiff (blue)	501	6	0.646	0.657	0.405	0.209	2.177	0.555
scan-37_plant-501.tiff (blue)	501	7	0.584	0.733	0.391	0.225	2.283	0.542
scan-37_plant-501.tiff (blue)	501	8	0.679	0.738	0.527	0.306	2.587	0.574
scan-37_plant-501.tiff (blue)	501	9	0.549	0.718	0.396	0.223	2.333	0.516
scan-37_plant-501.tiff (blue)	501	10	0.710	0.690	0.398	0.216	2.263	0.529

scan-38_plant-521.tiff (blue)	521	1	0.211	0.243	0.220	0.042	0.920	0.623
scan-38_plant-521.tiff (blue)	521	2	0.247	0.296	0.230	0.054	1.087	0.570
scan-38_plant-521.tiff (blue)	521	3	0.442	0.547	0.410	0.176	1.953	0.581
scan-38_plant-521.tiff (blue)	521	4	0.502	0.630	0.431	0.213	2.180	0.563
scan-38_plant-521.tiff (blue)	521	5	0.572	0.747	0.457	0.268	2.557	0.515
scan-38_plant-521.tiff (blue)	521	6	0.625	0.929	0.358	0.261	2.673	0.460
scan-38_plant-521.tiff (blue)	521	7	0.701	0.966	0.396	0.301	2.867	0.460
scan-38_plant-521.tiff (blue)	521	8	0.673	0.997	0.340	0.266	2.947	0.385
scan-38_plant-521.tiff (blue)	521	9	0.655	1.044	0.402	0.330	2.993	0.462
scan-38_plant-521.tiff (blue)	521	10	0.561	1.063	0.387	0.323	3.073	0.430

scan-39_plant-543.tiff (blue)	543	1	0.229	0.281	0.269	0.059	1.120	0.596
scan-39_plant-543.tiff (blue)	543	2	0.212	0.288	0.251	0.057	1.103	0.586
scan-39_plant-543.tiff (blue)	543	3	0.451	0.497	0.421	0.165	1.887	0.581
scan-39_plant-543.tiff (blue)	543	4	0.595	0.618	0.459	0.223	2.210	0.573
scan-39_plant-543.tiff (blue)	543	5	0.649	0.871	0.468	0.320	2.763	0.527
scan-39_plant-543.tiff (blue)	543	6	0.705	1.032	0.411	0.333	2.973	0.474
scan-39_plant-543.tiff (blue)	543	7	0.845	0.969	0.399	0.304	2.980	0.430
scan-39_plant-543.tiff (blue)	543	8	0.763	1.020	0.422	0.338	3.150	0.428
scan-39_plant-543.tiff (blue)	543	9	0.816	0.999	0.407	0.319	2.977	0.452
scan-39_plant-543.tiff (blue)	543	10	0.671	1.114	0.427	0.374	3.237	0.448

scan-40_plant-554.tiff (blue)	554	1	0.219	0.246	0.216	0.042	0.957	0.573
scan-40_plant-554.tiff (blue)	554	2	0.138	0.242	0.216	0.041	0.927	0.602
scan-40_plant-554.tiff (blue)	554	3	0.410	0.495	0.416	0.162	1.867	0.583
scan-40_plant-554.tiff (blue)	554	4	0.469	0.563	0.467	0.207	2.113	0.582
scan-40_plant-554.tiff (blue)	554	5	0.546	0.805	0.452	0.286	2.600	0.531
scan-40_plant-554.tiff (blue)	554	6	0.660	0.981	0.471	0.363	3.033	0.496
scan-40_plant-554.tiff (blue)	554	7	0.721	0.964	0.458	0.347	2.980	0.491
scan-40_plant-554.tiff (blue)	554	8	0.724	1.059	0.472	0.392	3.190	0.485
scan-40_plant-554.tiff (blue)	554	9	0.617	1.013	0.421	0.335	2.990	0.471
scan-40_plant-554.tiff (blue)	554	10	0.637	0.911	0.400	0.287	2.750	0.476

scan-41_plant-562.tiff (blue)	562	1	0.170	0.263	0.211	0.044	0.970	0.583
scan-41_plant-562.tiff (blue)	562	2	0.136	0.214	0.197	0.033	0.857	0.569
scan-41_plant-562.tiff (blue)	562	3	0.289	0.362	0.252	0.072	1.253	0.574
scan-41_plant-562.tiff (blue)	562	4	0.262	0.322	0.304	0.077	1.250	0.618
scan-41_plant-562.tiff (blue)	562	5	0.371	0.484	0.339	0.129	1.733	0.539
scan-41_plant-562.tiff (blue)	562	6	0.454	0.623	0.411	0.201	2.157	0.543
scan-41_plant-562.tiff (blue)	562	7	0.414	0.681	0.409	0.219	2.300	0.519
scan-41_plant-562.tiff (blue)	562	8	0.427	0.734	0.410	0.236	2.420	0.507
scan-41_plant-562.tiff (blue)	562	9	0.381	0.665	0.345	0.180	2.107	0.510
scan-41_plant-562.tiff (blue)	562	10	0.219	0.565	0.265	0.118	1.783	0.465

scan-42_plant-578.tiff (blue)	578	1	0.113	0.238	0.169	0.032	0.890	0.501
scan-42_plant-578.tiff (blue)	578	2	0.115	0.268	0.214	0.045	0.983	0.586
scan-42_plant-578.tiff (blue)	578	3	0.336	0.375	0.312	0.092	1.427	0.566
scan-42_plant-578.tiff (blue)	578	4	0.399	0.467	0.425	0.156	1.847	0.573
scan-42_plant-578.tiff (blue)	578	5	0.531	0.758	0.449	0.267	2.467	0.552
scan-42_plant-578.tiff (blue)	578	6	0.553	0.720	0.446	0.252	2.403	0.549
scan-42_plant-578.tiff (blue)	578	7	0.689	0.872	0.501	0.343	2.867	0.525
scan-42_plant-578.tiff (blue)	578	8	0.729	0.906	0.495	0.353	2.950	0.509
scan-42_plant-578.tiff (blue)	578	9	0.646	0.953	0.493	0.369	3.130	0.473
scan-42_plant-578.tiff (blue)	578	10	0.726	1.014	0.501	0.399	3.253	0.473

scan-43_plant-604.tiff (blue)	604	1	0.260	0.243	0.227	0.043	0.953	0.599
scan-43_plant-604.tiff (blue)	604	2	0.242	0.229	0.202	0.036	0.867	0.608
scan-43_plant-604.tiff (blue)	604	3	0.437	0.449	0.389	0.137	1.730	0.576
scan-43_plant-604.tiff (blue)	604	4	0.431	0.551	0.467	0.202	2.087	0.583
scan-43_plant-604.tiff (blue)	604	5	0.576	0.697	0.447	0.245	2.383	0.541
scan-43_plant-604.tiff (blue)	604	6	0.656	0.812	0.458	0.292	2.607	0.540
scan-43_plant-604.tiff (blue)	604	7	0.755	0.884	0.405	0.281	2.683	0.490
scan-43_plant-604.tiff (blue)	604	8	0.935	0.950	0.465	0.347	2.937	0.506
scan-43_plant-604.tiff (blue)	604	9	0.790	0.969	0.492	0.374	3.063	0.501
scan-43_plant-604.tiff (blue)	604	10	0.754	0.987	0.432	0.335	2.947	0.484

scan-44_plant-623.tiff (blue)	623	1	0.204	0.205	0.171	0.027	0.760	0.597
scan-44_plant-623.tiff (blue)	623	2	0.173	0.200	0.194	0.030	0.790	0.612
scan-44_plant-623.tiff (blue)	623	3	0.230	0.347	0.240	0.065	1.147	0.625
scan-44_plant-623.tiff (blue)	623	4	0.256	0.403	0.273	0.086	1.390	0.562
scan-44_plant-623.tiff (blue)	623	5	0.454	0.473	0.413	0.154	1.867	0.554
scan-44_plant-623.tiff (blue)	623	6	0.606	0.666	0.500	0.262	2.627	0.476
scan-44_plant-623.tiff (blue)	623	7	0.666	0.853	0.480	0.322	2.727	0.544
scan-44_plant-623.tiff (blue)	623	8	0.548	1.177	0.433	0.401	3.363	0.445
scan-44_plant-623.tiff (blue)	623	9	0.555	1.155	0.422	0.383	3.390	0.418
scan-44_plant-623.tiff (blue)	623	10	0.508	0.967	0.371	0.282	2.820	0.445

scan-45_plant-645.tiff (blue)	645	1	0.185	0.216	0.189	0.032	0.810	0.612
scan-45_plant-645.tiff (blue)	645	2	0.153	0.157	0.135	0.017	0.710	0.415
scan-45_plant-645.tiff (blue)	645	3	0.408	0.573	0.368	0.166	1.950	0.548
scan-45_plant-645.tiff (blue)	645	4	0.346	0.560	0.360	0.159	1.963	0.517
scan-45_plant-645.tiff (blue)	645	5	0.523	0.786	0.432	0.267	2.540	0.519
scan-45_plant-645.tiff (blue)	645	6	0.435	0.783	0.368	0.226	2.360	0.511
scan-45_plant-645.tiff (blue)	645	8	0.522	0.755	0.432	0.256	2.480	0.523
scan-45_plant-645.tiff (blue)	645	9	0.359	0.692	0.391	0.213	2.287	0.511
scan-45_plant-645.tiff (blue)	645	10	0.472	0.732	0.377	0.217	2.420	0.465

scan-46_plant-660.tiff (blue)	660	1	0.204	0.238	0.231	0.043	0.957	0.593
scan-46_plant-660.tiff (blue)	660	2	0.178	0.252	0.240	0.047	1.007	0.589
scan-46_plant-660.tiff (blue)	660	3	0.320	0.343	0.272	0.073	1.267	0.575
scan-46_plant-660.tiff (blue)	660	4	0.281	0.401	0.336	0.106	1.480	0.608
scan-46_plant-660.tiff (blue)	660	5	0.409	0.481	0.372	0.140	1.780	0.557
scan-46_plant-660.tiff (blue)	660	6	0.626	0.678	0.583	0.311	2.647	0.557
scan-46_plant-660.tiff (blue)	660	7	0.638	0.780	0.422	0.258	2.457	0.538
scan-46_plant-660.tiff (blue)	660	8	0.808	0.931	0.539	0.394	3.010	0.547
scan-46_plant-660.tiff (blue)	660	9	0.915	1.089	0.660	0.564	3.640	0.535
scan-46_plant-660.tiff (blue)	660	10	0.857	1.141	0.589	0.527	3.647	0.498

scan-47_plant-661.tiff (blue)	661	1	0.231	0.291	0.245	0.056	1.123	0.557
scan-47_plant-661.tiff (blue)	661	2	0.276	0.261	0.243	0.050	1.033	0.587
scan-47_plant-661.tiff (blue)	661	3	0.481	0.557	0.508	0.222	2.177	0.590
scan-47_plant-661.tiff (blue)	661	4	0.480	0.440	0.422	0.146	1.783	0.576
scan-47_plant-661.tiff (blue)	661	5	0.791	0.887	0.577	0.402	3.013	0.556
scan-47_plant-661.tiff (blue)	661	6	0.781	0.976	0.597	0.458	3.287	0.533
scan-47_plant-661.tiff (blue)	661	7	0.923	1.126	0.705	0.624	3.790	0.546
scan-47_plant-661.tiff (blue)	661	8	0.956	1.141	0.655	0.587	3.803	0.510
scan-47_plant-661.tiff (blue)	661	9	0.791	1.046	0.678	0.557	3.610	0.537
scan-47_plant-661.tiff (blue)	661	10	0.904	1.080	0.619	0.525	3.553	0.523

scan-48_plant-679.tiff (blue)	679	1	0.277	0.297	0.223	0.052	1.180	0.470
scan-48_plant-679.tiff (blue)	679	2	0.269	0.274	0.251	0.054	1.073	0.590
scan-48_plant-679.tiff (blue)	679	3	0.427	0.530	0.420	0.174	1.977	0.561
scan-48_plant-679.tiff (blue)	679	4	0.608	0.609	0.422	0.202	2.133	0.557
scan-48_plant-679.tiff (blue)	679	5	0.609	0.755	0.496	0.294	2.593	0.550
scan-48_plant-679.tiff (blue)	679	6	0.786	1.099	0.469	0.405	3.243	0.484
scan-48_plant-679.tiff (blue)	679	7	0.726	0.877	0.497	0.342	2.833	0.536
scan-48_plant-679.tiff (blue)	679	8	0.796	0.939	0.438	0.323	2.880	0.489
scan-48_plant-679.tiff (blue)	679	9	0.798	0.931	0.489	0.358	3.033	0.489
scan-48_plant-679.tiff (blue)	679	10	0.719	0.987	0.483	0.374	3.140	0.477
