plantNum	type	leafNum	image	x	y	slice
512	center	1	2016-09-28_0835_ch129-pos01.jpg	769	759	
	tip	1	2016-09-28_0835_ch129-pos01.jpg	798	707	
		2	2016-09-28_0835_ch129-pos01.jpg	759	812	
		3	2016-09-28_0835_ch129-pos01.jpg	687	692	
		4	2016-09-28_0835_ch129-pos01.jpg	876	785	
		5	2016-09-28_0835_ch129-pos01.jpg	662	823	
		6	2016-09-28_0835_ch129-pos01.jpg	725	608	
		7	2016-09-28_0835_ch129-pos01.jpg	851	864	
		8	2016-09-28_0835_ch129-pos01.jpg	625	752	
		9	2016-09-28_0835_ch129-pos01.jpg	846	659	
		10	2016-09-28_0835_ch129-pos01.jpg	765	858	
		11	2016-09-28_0835_ch129-pos01.jpg	763	673	
		12	2016-09-28_0835_ch129-pos01.jpg	819	764	
		13	2016-09-28_0835_ch129-pos01.jpg	729	783	
		14	2016-09-28_0835_ch129-pos01.jpg	750	742	
		15	2016-09-28_0835_ch129-pos01.jpg	776	751	
		16	2016-09-28_0835_ch129-pos01.jpg	775	772	
	base	1	2016-09-28_0835_ch129-pos01.jpg	782	730	
		2	2016-09-28_0835_ch129-pos01.jpg	764	789	
		3	2016-09-28_0835_ch129-pos01.jpg	730	724	
		4	2016-09-28_0835_ch129-pos01.jpg	820	771	
		5	2016-09-28_0835_ch129-pos01.jpg	719	789	
		6	2016-09-28_0835_ch129-pos01.jpg	752	685	
		7	2016-09-28_0835_ch129-pos01.jpg	806	809	
		8	2016-09-28_0835_ch129-pos01.jpg	703	750	
		9	2016-09-28_0835_ch129-pos01.jpg	803	719	
		10	2016-09-28_0835_ch129-pos01.jpg	767	797	
		11	2016-09-28_0835_ch129-pos01.jpg	767	729
		12	2016-09-28_0835_ch129-pos01.jpg	779	760
508	center	1	fov-01:2016-09-28_1630_ch129-pos01	1223	1191	22
	tip	1	fov-01:2016-09-28_1630_ch129-pos01	1273	1150	22
		2	fov-01:2016-09-28_1630_ch129-pos01	1170	1222	22
		3	fov-01:2016-09-28_1630_ch129-pos01	1325	1243	22
		4	fov-01:2016-09-28_1630_ch129-pos01	1139	1083	22
		5	fov-01:2016-09-28_1630_ch129-pos01	1154	1317	22
		6	fov-01:2016-09-28_1630_ch129-pos01	1370	1140	22
		7	fov-01:2016-09-28_1630_ch129-pos01	1060	1143	22
		8	fov-01:2016-09-28_1630_ch129-pos01	1295	1324	22
		9	fov-01:2016-09-28_1630_ch129-pos01	1262	1053	22
		10	fov-01:2016-09-28_1630_ch129-pos01	1118	1221	22
		11	fov-01:2016-09-28_1630_ch129-pos01	1285	1221	22
		12	fov-01:2016-09-28_1630_ch129-pos01	1202	1142	22
		13	fov-01:2016-09-28_1630_ch129-pos01	1221	1220	22
		14	fov-01:2016-09-28_1630_ch129-pos01	1236	1181	22
		15	fov-01:2016-09-28_1630_ch129-pos01	1213	1191	22
		16	fov-01:2016-09-28_1630_ch129-pos01	1229	1197	22
	base	1	fov-01:2016-09-28_1630_ch129-pos01	1247	1172	22
		2	fov-01:2016-09-28_1630_ch129-pos01	1194	1204	22
		3	fov-01:2016-09-28_1630_ch129-pos01	1277	1218	22
		4	fov-01:2016-09-28_1630_ch129-pos01	1186	1138	22
		5	fov-01:2016-09-28_1630_ch129-pos01	1191	1246	22
		6	fov-01:2016-09-28_1630_ch129-pos01	1298	1167	22
		7	fov-01:2016-09-28_1630_ch129-pos01	1149	1162	22
		8	fov-01:2016-09-28_1630_ch129-pos01	1252	1246	22
		9	fov-01:2016-09-28_1630_ch129-pos01	1240	1137	22
		10	fov-01:2016-09-28_1630_ch129-pos01	1185	1201	22
		11	fov-01:2016-09-28_1630_ch129-pos01	1240	1200	22
		12	fov-01:2016-09-28_1630_ch129-pos01	1220	1184	22
510	center	1	2016-09-30_0855_ch129-pos01.jpg	2159	1222	
	tip	1	2016-09-30_0855_ch129-pos01.jpg	2133	1151	
		2	2016-09-30_0855_ch129-pos01.jpg	2174	1285	
		3	2016-09-30_0855_ch129-pos01.jpg	2220	1144	
		4	2016-09-30_0855_ch129-pos01.jpg	2062	1260	
		5	2016-09-30_0855_ch129-pos01.jpg	2277	1295	
		6	2016-09-30_0855_ch129-pos01.jpg	2051	1125	
		7	2016-09-30_0855_ch129-pos01.jpg	2152	1372	
		8	2016-09-30_0855_ch129-pos01.jpg	2304	1159	
		9	2016-09-30_0855_ch129-pos01.jpg	2020	1210	
		10	2016-09-30_0855_ch129-pos01.jpg	2246	1325	
		11	2016-09-30_0855_ch129-pos01.jpg	2208	1097	
		12	2016-09-30_0855_ch129-pos01.jpg	2099	1276	
		13	2016-09-30_0855_ch129-pos01.jpg	2244	1235	
		14	2016-09-30_0855_ch129-pos01.jpg	2128	1177	
		15	2016-09-30_0855_ch129-pos01.jpg	2166	1257	
		16	2016-09-30_0855_ch129-pos01.jpg	2176	1198	
		17	2016-09-30_0855_ch129-pos01.jpg	2146	1229	
		18	2016-09-30_0855_ch129-pos01.jpg	2172	1228	
		19	2016-09-30_0855_ch129-pos01.jpg	2157	1217	
	base	1	2016-09-30_0855_ch129-pos01.jpg	2145	1180	
		2	2016-09-30_0855_ch129-pos01.jpg	2166	1257	
		3	2016-09-30_0855_ch129-pos01.jpg	2189	1181	
		4	2016-09-30_0855_ch129-pos01.jpg	2106	1238	
		5	2016-09-30_0855_ch129-pos01.jpg	2212	1256	
		6	2016-09-30_0855_ch129-pos01.jpg	2116	1173	
		7	2016-09-30_0855_ch129-pos01.jpg	2149	1290	
		8	2016-09-30_0855_ch129-pos01.jpg	2226	1198	
		9	2016-09-30_0855_ch129-pos01.jpg	2100	1213	
		10	2016-09-30_0855_ch129-pos01.jpg	2192	1262	
		11	2016-09-30_0855_ch129-pos01.jpg	2179	1170	
		12	2016-09-30_0855_ch129-pos01.jpg	2141	1236	
501	center	1	fov-01:2016-09-30_1630_ch129-pos01	335	1620	24
	tip	1	fov-01:2016-09-30_1630_ch129-pos01	357	1548	24
		2	fov-01:2016-09-30_1630_ch129-pos01	292	1671	24
		3	fov-01:2016-09-30_1630_ch129-pos01	422	1700	24
		4	fov-01:2016-09-30_1630_ch129-pos01	434	1588	24
		5	fov-01:2016-09-30_1630_ch129-pos01	256	1687	24
		6	fov-01:2016-09-30_1630_ch129-pos01	423	1774	24
		7	fov-01:2016-09-30_1630_ch129-pos01	305	1447	24
		8	fov-01:2016-09-30_1630_ch129-pos01	146	1708	24
		9	fov-01:2016-09-30_1630_ch129-pos01	478	1648	24
		10	fov-01:2016-09-30_1630_ch129-pos01	179	1528	24
		11	fov-01:2016-09-30_1630_ch129-pos01	326	1775	24
		12	fov-01:2016-09-30_1630_ch129-pos01	382	1538	24
		13	fov-01:2016-09-30_1630_ch129-pos01	241	1594	24
		14	fov-01:2016-09-30_1630_ch129-pos01	356	1658	24
		15	fov-01:2016-09-30_1630_ch129-pos01	327	1594	24
		16	fov-01:2016-09-30_1630_ch129-pos01	320	1640	24
		17	fov-01:2016-09-30_1630_ch129-pos01	344	1614	24
	base	1	fov-01:2016-09-30_1630_ch129-pos01	346	1582	24
		2	fov-01:2016-09-30_1630_ch129-pos01	320	1644	24
		3	fov-01:2016-09-30_1630_ch129-pos01	372	1661	24
		4	fov-01:2016-09-30_1630_ch129-pos01	389	1606	24
		5	fov-01:2016-09-30_1630_ch129-pos01	298	1658	24
		6	fov-01:2016-09-30_1630_ch129-pos01	374	1703	24
		7	fov-01:2016-09-30_1630_ch129-pos01	332	1535	24
		8	fov-01:2016-09-30_1630_ch129-pos01	242	1662	24
		9	fov-01:2016-09-30_1630_ch129-pos01	390	1640	24
		10	fov-01:2016-09-30_1630_ch129-pos01	263	1569	24
		11	fov-01:2016-09-30_1630_ch129-pos01	327	1688	24
		12	fov-01:2016-09-30_1630_ch129-pos01	352	1594	24
518	center	1	2016-09-28_0835_ch129-pos02.jpg	1240	1615	
	tip	1	2016-09-28_0835_ch129-pos02.jpg	1189	1575	
		2	2016-09-28_0835_ch129-pos02.jpg	1307	1654	
		3	2016-09-28_0835_ch129-pos02.jpg	1191	1495	
		4	2016-09-28_0835_ch129-pos02.jpg	1192	1730	
		5	2016-09-28_0835_ch129-pos02.jpg	1410	1538	
		6	2016-09-28_0835_ch129-pos02.jpg	1061	1584	
		7	2016-09-28_0835_ch129-pos02.jpg	1282	1808	
		8	2016-09-28_0835_ch129-pos02.jpg	1282	1487	
		9	2016-09-28_0835_ch129-pos02.jpg	1117	1715	
		10	2016-09-28_0835_ch129-pos02.jpg	1308	1704	
		11	2016-09-28_0835_ch129-pos02.jpg	1185	1565	
		12	2016-09-28_0835_ch129-pos02.jpg	1214	1662	
		13	2016-09-28_0835_ch129-pos02.jpg	1269	1609	
		14	2016-09-28_0835_ch129-pos02.jpg	1220	1622	
		15	2016-09-28_0835_ch129-pos02.jpg	1242	1626	
		16	2016-09-28_0835_ch129-pos02.jpg	1236	1608	
	base	1	2016-09-28_0835_ch129-pos02.jpg	1218	1593	
		2	2016-09-28_0835_ch129-pos02.jpg	1276	1633	
		3	2016-09-28_0835_ch129-pos02.jpg	1219	1552	
		4	2016-09-28_0835_ch129-pos02.jpg	1217	1677	
		5	2016-09-28_0835_ch129-pos02.jpg	1318	1577	
		6	2016-09-28_0835_ch129-pos02.jpg	1152	1596	
		7	2016-09-28_0835_ch129-pos02.jpg	1262	1709	
		8	2016-09-28_0835_ch129-pos02.jpg	1256	1568	
		9	2016-09-28_0835_ch129-pos02.jpg	1186	1653	
		10	2016-09-28_0835_ch129-pos02.jpg	1264	1645	
		11	2016-09-28_0835_ch129-pos02.jpg	1228	1604	
		12	2016-09-28_0835_ch129-pos02.jpg	1237	1626	
529	center	1	fov-02:2016-09-28_1630_ch129-pos02	1641	759	22
	tip	1	fov-02:2016-09-28_1630_ch129-pos02	1572	755	22
		2	fov-02:2016-09-28_1630_ch129-pos02	1702	785	22
		3	fov-02:2016-09-28_1630_ch129-pos02	1604	661	22
		4	fov-02:2016-09-28_1630_ch129-pos02	1638	880	22
		5	fov-02:2016-09-28_1630_ch129-pos02	1757	654	22
		6	fov-02:2016-09-28_1630_ch129-pos02	1474	727	22
		7	fov-02:2016-09-28_1630_ch129-pos02	1779	878	22
		8	fov-02:2016-09-28_1630_ch129-pos02	1680	583	22
		9	fov-02:2016-09-28_1630_ch129-pos02	1517	872	22
		10	fov-02:2016-09-28_1630_ch129-pos02	1790	745	22
		11	fov-02:2016-09-28_1630_ch129-pos02	1555	662	22
		12	fov-02:2016-09-28_1630_ch129-pos02	1649	850	22
		13	fov-02:2016-09-28_1630_ch129-pos02	1687	707	22
		14	fov-02:2016-09-28_1630_ch129-pos02	1598	766	22
		15	fov-02:2016-09-28_1630_ch129-pos02	1670	772	22
		16	fov-02:2016-09-28_1630_ch129-pos02	1629	736	22
		17	fov-02:2016-09-28_1630_ch129-pos02	1635	771	22
		18	fov-02:2016-09-28_1630_ch129-pos02	1651	750	22
	base	1	fov-02:2016-09-28_1630_ch129-pos02	1599	757	22
		2	fov-02:2016-09-28_1630_ch129-pos02	1674	774	22
		3	fov-02:2016-09-28_1630_ch129-pos02	1620	706	22
		4	fov-02:2016-09-28_1630_ch129-pos02	1644	828	22
		5	fov-02:2016-09-28_1630_ch129-pos02	1702	713	22
		6	fov-02:2016-09-28_1630_ch129-pos02	1560	738	22
		7	fov-02:2016-09-28_1630_ch129-pos02	1704	818	22
		8	fov-02:2016-09-28_1630_ch129-pos02	1661	677	22
		9	fov-02:2016-09-28_1630_ch129-pos02	1584	798	22
		10	fov-02:2016-09-28_1630_ch129-pos02	1701	755	22
		11	fov-02:2016-09-28_1630_ch129-pos02	1610	722	22
		12	fov-02:2016-09-28_1630_ch129-pos02	1642	782	22
528	center	1	2016-09-30_0855_ch129-pos02.jpg	1222	762	
	tip	1	2016-09-30_0855_ch129-pos02.jpg	1294	758	
		2	2016-09-30_0855_ch129-pos02.jpg	1162	765	
		3	2016-09-30_0855_ch129-pos02.jpg	1222	877	
		4	2016-09-30_0855_ch129-pos02.jpg	1294	675	
		5	2016-09-30_0855_ch129-pos02.jpg	1058	794	
		6	2016-09-30_0855_ch129-pos02.jpg	1410	765	
		7	2016-09-30_0855_ch129-pos02.jpg	1157	582	
		8	2016-09-30_0855_ch129-pos02.jpg	1156	939	
		9	2016-09-30_0855_ch129-pos02.jpg	1292	608	
		10	2016-09-30_0855_ch129-pos02.jpg	1084	736	
		11	2016-09-30_0855_ch129-pos02.jpg	1304	836	
		12	2016-09-30_0855_ch129-pos02.jpg	1203	712	
		13	2016-09-30_0855_ch129-pos02.jpg	1184	828	
		14	2016-09-30_0855_ch129-pos02.jpg	1271	754	
		15	2016-09-30_0855_ch129-pos02.jpg	1203	760	
		16	2016-09-30_0855_ch129-pos02.jpg	1241	782	
		17	2016-09-30_0855_ch129-pos02.jpg	1228	750	
	base	1	2016-09-30_0855_ch129-pos02.jpg	1261	762	
		2	2016-09-30_0855_ch129-pos02.jpg	1191	763	
		3	2016-09-30_0855_ch129-pos02.jpg	1226	815	
		4	2016-09-30_0855_ch129-pos02.jpg	1256	714	
		5	2016-09-30_0855_ch129-pos02.jpg	1146	764	
		6	2016-09-30_0855_ch129-pos02.jpg	1298	764	
		7	2016-09-30_0855_ch129-pos02.jpg	1201	681	
		8	2016-09-30_0855_ch129-pos02.jpg	1194	830	
		9	2016-09-30_0855_ch129-pos02.jpg	1247	712	
		10	2016-09-30_0855_ch129-pos02.jpg	1178	747	
		11	2016-09-30_0855_ch129-pos02.jpg	1251	786	
		12	2016-09-30_0855_ch129-pos02.jpg	1221	751	
521	center	1	fov-02:2016-09-30_1630_ch129-pos02	355	1186	24
	tip	1	fov-02:2016-09-30_1630_ch129-pos02	395	1230	24
		2	fov-02:2016-09-30_1630_ch129-pos02	300	1138	24
		3	fov-02:2016-09-30_1630_ch129-pos02	479	1138	24
		4	fov-02:2016-09-30_1630_ch129-pos02	234	1278	24
		5	fov-02:2016-09-30_1630_ch129-pos02	398	1016	24
		6	fov-02:2016-09-30_1630_ch129-pos02	518	1302	24
		7	fov-02:2016-09-30_1630_ch129-pos02	124	1161	24
		8	fov-02:2016-09-30_1630_ch129-pos02	484	1014	24
		9	fov-02:2016-09-30_1630_ch129-pos02	352	1404	24
		10	fov-02:2016-09-30_1630_ch129-pos02	220	1012	24
		11	fov-02:2016-09-30_1630_ch129-pos02	544	1222	24
		12	fov-02:2016-09-30_1630_ch129-pos02	191	1310	24
		13	fov-02:2016-09-30_1630_ch129-pos02	360	1038	24
		14	fov-02:2016-09-30_1630_ch129-pos02	406	1290	24
		15	fov-02:2016-09-30_1630_ch129-pos02	258	1156	24
		16	fov-02:2016-09-30_1630_ch129-pos02	408	1180	24
		17	fov-02:2016-09-30_1630_ch129-pos02	318	1222	24
		18	fov-02:2016-09-30_1630_ch129-pos02	338	1156	24
		19	fov-02:2016-09-30_1630_ch129-pos02	366	1202	24
		20	fov-02:2016-09-30_1630_ch129-pos02	336	1180	24
	base	1	fov-02:2016-09-30_1630_ch129-pos02	373	1214	24
		2	fov-02:2016-09-30_1630_ch129-pos02	328	1158	24
		3	fov-02:2016-09-30_1630_ch129-pos02	416	1168	24
		4	fov-02:2016-09-30_1630_ch129-pos02	295	1228	24
		5	fov-02:2016-09-30_1630_ch129-pos02	372	1110	24
		6	fov-02:2016-09-30_1630_ch129-pos02	418	1235	24
		7	fov-02:2016-09-30_1630_ch129-pos02	250	1175	24
		8	fov-02:2016-09-30_1630_ch129-pos02	410	1112	24
		9	fov-02:2016-09-30_1630_ch129-pos02	346	1272	24
		10	fov-02:2016-09-30_1630_ch129-pos02	312	1119	24
		11	fov-02:2016-09-30_1630_ch129-pos02	415	1202	24
		12	fov-02:2016-09-30_1630_ch129-pos02	292	1227	24
537	center	1	2016-09-28_0835_ch129-pos03.jpg	754	1176	
	tip	1	2016-09-28_0835_ch129-pos03.jpg	818	1204	
		2	2016-09-28_0835_ch129-pos03.jpg	682	1216	
		3	2016-09-28_0835_ch129-pos03.jpg	756	1036	
		4	2016-09-28_0835_ch129-pos03.jpg	809	1318	
		5	2016-09-28_0835_ch129-pos03.jpg	569	1128	
		6	2016-09-28_0835_ch129-pos03.jpg	948	1110	
		7	2016-09-28_0835_ch129-pos03.jpg	652	1350	
		8	2016-09-28_0835_ch129-pos03.jpg	635	1013	
		9	2016-09-28_0835_ch129-pos03.jpg	902	1284	
		10	2016-09-28_0835_ch129-pos03.jpg	587	1218	
		11	2016-09-28_0835_ch129-pos03.jpg	804	1079	
		12	2016-09-28_0835_ch129-pos03.jpg	735	1272	
		13	2016-09-28_0835_ch129-pos03.jpg	695	1154	
		14	2016-09-28_0835_ch129-pos03.jpg	780	1190	
		15	2016-09-28_0835_ch129-pos03.jpg	732	1188	
		16	2016-09-28_0835_ch129-pos03.jpg	756	1165	
		17	2016-09-28_0835_ch129-pos03.jpg	755	1190	
	base	1	2016-09-28_0835_ch129-pos03.jpg	784	1188	
		2	2016-09-28_0835_ch129-pos03.jpg	716	1192	
		3	2016-09-28_0835_ch129-pos03.jpg	760	1108	
		4	2016-09-28_0835_ch129-pos03.jpg	776	1240	
		5	2016-09-28_0835_ch129-pos03.jpg	670	1148	
		6	2016-09-28_0835_ch129-pos03.jpg	838	1164	
		7	2016-09-28_0835_ch129-pos03.jpg	703	1258	
		8	2016-09-28_0835_ch129-pos03.jpg	718	1116	
		9	2016-09-28_0835_ch129-pos03.jpg	804	1226	
		10	2016-09-28_0835_ch129-pos03.jpg	689	1190	
		11	2016-09-28_0835_ch129-pos03.jpg	766	1154	
		12	2016-09-28_0835_ch129-pos03.jpg	748	1202	
542	center	1	fov-03:2016-09-28_1630_ch129-pos03	745	708	22
	tip	1	fov-03:2016-09-28_1630_ch129-pos03	804	718	22
		2	fov-03:2016-09-28_1630_ch129-pos03	697	718	22
		3	fov-03:2016-09-28_1630_ch129-pos03	758	642	22
		4	fov-03:2016-09-28_1630_ch129-pos03	746	805	22
		5	fov-03:2016-09-28_1630_ch129-pos03	642	672	22
		6	fov-03:2016-09-28_1630_ch129-pos03	876	639	22
		7	fov-03:2016-09-28_1630_ch129-pos03	646	842	22
		8	fov-03:2016-09-28_1630_ch129-pos03	694	544	22
		9	fov-03:2016-09-28_1630_ch129-pos03	840	828	22
		10	fov-03:2016-09-28_1630_ch129-pos03	605	729	22
		11	fov-03:2016-09-28_1630_ch129-pos03	784	580	22
		12	fov-03:2016-09-28_1630_ch129-pos03	758	794	22
		13	fov-03:2016-09-28_1630_ch129-pos03	697	664	22
		14	fov-03:2016-09-28_1630_ch129-pos03	788	689	22
		15	fov-03:2016-09-28_1630_ch129-pos03	723	729	22
		16	fov-03:2016-09-28_1630_ch129-pos03	748	688	22
		17	fov-03:2016-09-28_1630_ch129-pos03	748	720	22
	base	1	fov-03:2016-09-28_1630_ch129-pos03	779	714	22
		2	fov-03:2016-09-28_1630_ch129-pos03	716	714	22
		3	fov-03:2016-09-28_1630_ch129-pos03	757	679	22
		4	fov-03:2016-09-28_1630_ch129-pos03	740	764	22
		5	fov-03:2016-09-28_1630_ch129-pos03	692	694	22
		6	fov-03:2016-09-28_1630_ch129-pos03	812	676	22
		7	fov-03:2016-09-28_1630_ch129-pos03	700	771	22
		8	fov-03:2016-09-28_1630_ch129-pos03	722	630	22
		9	fov-03:2016-09-28_1630_ch129-pos03	782	752	22
		10	fov-03:2016-09-28_1630_ch129-pos03	688	714	22
		11	fov-03:2016-09-28_1630_ch129-pos03	765	660	22
		12	fov-03:2016-09-28_1630_ch129-pos03	748	728	22
545	center	1	2016-09-30_0855_ch129-pos03.jpg	2138	724	
	tip	1	2016-09-30_0855_ch129-pos03.jpg	2210	714	
		2	2016-09-30_0855_ch129-pos03.jpg	2062	710	
		3	2016-09-30_0855_ch129-pos03.jpg	2136	610	
		4	2016-09-30_0855_ch129-pos03.jpg	2176	848	
		5	2016-09-30_0855_ch129-pos03.jpg	2048	566	
		6	2016-09-30_0855_ch129-pos03.jpg	2308	601	
		7	2016-09-30_0855_ch129-pos03.jpg	2013	913	
		8	2016-09-30_0855_ch129-pos03.jpg	2134	470	
		9	2016-09-30_0855_ch129-pos03.jpg	2332	858	
		10	2016-09-30_0855_ch129-pos03.jpg	1927	778	
		11	2016-09-30_0855_ch129-pos03.jpg	2316	562	
		12	2016-09-30_0855_ch129-pos03.jpg	2120	902	
		13	2016-09-30_0855_ch129-pos03.jpg	2054	636	
		14	2016-09-30_0855_ch129-pos03.jpg	2259	731	
		15	2016-09-30_0855_ch129-pos03.jpg	2090	772	
		16	2016-09-30_0855_ch129-pos03.jpg	2171	679	
		17	2016-09-30_0855_ch129-pos03.jpg	2162	752	
		18	2016-09-30_0855_ch129-pos03.jpg	2122	718	
		19	2016-09-30_0855_ch129-pos03.jpg	2156	718	
	base	1	2016-09-30_0855_ch129-pos03.jpg	2179	718	
		2	2016-09-30_0855_ch129-pos03.jpg	2100	712	
		3	2016-09-30_0855_ch129-pos03.jpg	2138	664	
		4	2016-09-30_0855_ch129-pos03.jpg	2154	776	
		5	2016-09-30_0855_ch129-pos03.jpg	2102	655	
		6	2016-09-30_0855_ch129-pos03.jpg	2222	665	
		7	2016-09-30_0855_ch129-pos03.jpg	2088	796	
		8	2016-09-30_0855_ch129-pos03.jpg	2141	622	
		9	2016-09-30_0855_ch129-pos03.jpg	2218	778	
		10	2016-09-30_0855_ch129-pos03.jpg	2060	734	
		11	2016-09-30_0855_ch129-pos03.jpg	2204	666	
		12	2016-09-30_0855_ch129-pos03.jpg	2133	780	
543	center	1	fov-03:2016-09-30_1630_ch129-pos03	1192	700	24
	tip	1	fov-03:2016-09-30_1630_ch129-pos03	1212	639	24
		2	fov-03:2016-09-30_1630_ch129-pos03	1122	732	24
		3	fov-03:2016-09-30_1630_ch129-pos03	1294	784	24
		4	fov-03:2016-09-30_1630_ch129-pos03	1082	580	24
		5	fov-03:2016-09-30_1630_ch129-pos03	1114	888	24
		6	fov-03:2016-09-30_1630_ch129-pos03	1402	616	24
		7	fov-03:2016-09-30_1630_ch129-pos03	1002	582	24
		8	fov-03:2016-09-30_1630_ch129-pos03	1300	913	24
		9	fov-03:2016-09-30_1630_ch129-pos03	1372	542	24
		10	fov-03:2016-09-30_1630_ch129-pos03	958	760	24
		11	fov-03:2016-09-30_1630_ch129-pos03	1428	758	24
		12	fov-03:2016-09-30_1630_ch129-pos03	1071	544	24
		13	fov-03:2016-09-30_1630_ch129-pos03	1123	878	24
		14	fov-03:2016-09-30_1630_ch129-pos03	1328	604	24
		15	fov-03:2016-09-30_1630_ch129-pos03	1072	658	24
		16	fov-03:2016-09-30_1630_ch129-pos03	1268	764	24
		17	fov-03:2016-09-30_1630_ch129-pos03	1198	636	24
		18	fov-03:2016-09-30_1630_ch129-pos03	1152	744	24
		19	fov-03:2016-09-30_1630_ch129-pos03	1233	684	24
		20	fov-03:2016-09-30_1630_ch129-pos03	1173	676	24
		21	fov-03:2016-09-30_1630_ch129-pos03	1203	720	24
		22	fov-03:2016-09-30_1630_ch129-pos03	1202	688	24
		23	fov-03:2016-09-30_1630_ch129-pos03	1182	703	24
	base	1	fov-03:2016-09-30_1630_ch129-pos03	1206	674	24
		2	fov-03:2016-09-30_1630_ch129-pos03	1157	722	24
		3	fov-03:2016-09-30_1630_ch129-pos03	1237	754	24
		4	fov-03:2016-09-30_1630_ch129-pos03	1137	642	24
		5	fov-03:2016-09-30_1630_ch129-pos03	1145	781	24
		6	fov-03:2016-09-30_1630_ch129-pos03	1283	680	24
		7	fov-03:2016-09-30_1630_ch129-pos03	1090	662	24
		8	fov-03:2016-09-30_1630_ch129-pos03	1218	809	24
		9	fov-03:2016-09-30_1630_ch129-pos03	1282	621	24
		10	fov-03:2016-09-30_1630_ch129-pos03	1099	721	24
		11	fov-03:2016-09-30_1630_ch129-pos03	1288	741	24
		12	fov-03:2016-09-30_1630_ch129-pos03	1150	628	24
560	center	1	2016-09-28_0835_ch129-pos04.jpg	2153	214	
	tip	1	2016-09-28_0835_ch129-pos04.jpg	2097	294	
		2	2016-09-28_0835_ch129-pos04.jpg	2192	149	
		3	2016-09-28_0835_ch129-pos04.jpg	2232	320	
		4	2016-09-28_0835_ch129-pos04.jpg	2036	148	
		5	2016-09-28_0835_ch129-pos04.jpg	2277	172	
		6	2016-09-28_0835_ch129-pos04.jpg	2122	410	
		7	2016-09-28_0835_ch129-pos04.jpg	2124	0	
		8	2016-09-28_0835_ch129-pos04.jpg	2382	275	
		9	2016-09-28_0835_ch129-pos04.jpg	1930	302	
		10	2016-09-28_0835_ch129-pos04.jpg	2270	14	
		11	2016-09-28_0835_ch129-pos04.jpg	2248	398	
		12	2016-09-28_0835_ch129-pos04.jpg	1973	109	
		13	2016-09-28_0835_ch129-pos04.jpg	2332	196	
		14	2016-09-28_0835_ch129-pos04.jpg	2070	306	
		15	2016-09-28_0835_ch129-pos04.jpg	2184	95	
		16	2016-09-28_0835_ch129-pos04.jpg	2232	264	
		17	2016-09-28_0835_ch129-pos04.jpg	2094	192	
		18	2016-09-28_0835_ch129-pos04.jpg	2202	191	
		19	2016-09-28_0835_ch129-pos04.jpg	2150	244	
		20	2016-09-28_0835_ch129-pos04.jpg	2150	186	
		21	2016-09-28_0835_ch129-pos04.jpg	2173	220	
		22	2016-09-28_0835_ch129-pos04.jpg	2143	218	
	base	1	2016-09-28_0835_ch129-pos04.jpg	2120	258	
		2	2016-09-28_0835_ch129-pos04.jpg	2174	182	
		3	2016-09-28_0835_ch129-pos04.jpg	2191	276	
		4	2016-09-28_0835_ch129-pos04.jpg	2091	179	
		5	2016-09-28_0835_ch129-pos04.jpg	2226	192	
		6	2016-09-28_0835_ch129-pos04.jpg	2124	306	
		7	2016-09-28_0835_ch129-pos04.jpg	2128	114	
		8	2016-09-28_0835_ch129-pos04.jpg	2261	247	
		9	2016-09-28_0835_ch129-pos04.jpg	2058	246	
		10	2016-09-28_0835_ch129-pos04.jpg	2217	116	
		11	2016-09-28_0835_ch129-pos04.jpg	2186	294	
		12	2016-09-28_0835_ch129-pos04.jpg	2088	174	
553	center	1	fov-04:2016-09-28_1630_ch129-pos04	1230	704	22
	tip	1	fov-04:2016-09-28_1630_ch129-pos04	1153	668	22
		2	fov-04:2016-09-28_1630_ch129-pos04	1304	716	22
		3	fov-04:2016-09-28_1630_ch129-pos04	1182	827	22
		4	fov-04:2016-09-28_1630_ch129-pos04	1314	593	22
		5	fov-04:2016-09-28_1630_ch129-pos04	1340	860	22
		6	fov-04:2016-09-28_1630_ch129-pos04	1058	632	22
		7	fov-04:2016-09-28_1630_ch129-pos04	1402	608	22
		8	fov-04:2016-09-28_1630_ch129-pos04	1087	850	22
		9	fov-04:2016-09-28_1630_ch129-pos04	1174	544	22
		10	fov-04:2016-09-28_1630_ch129-pos04	1379	746	22
		11	fov-04:2016-09-28_1630_ch129-pos04	1116	706	22
		12	fov-04:2016-09-28_1630_ch129-pos04	1271	646	22
		13	fov-04:2016-09-28_1630_ch129-pos04	1234	784	22
		14	fov-04:2016-09-28_1630_ch129-pos04	1220	668	22
		15	fov-04:2016-09-28_1630_ch129-pos04	1266	710	22
		16	fov-04:2016-09-28_1630_ch129-pos04	1212	717	22
		17	fov-04:2016-09-28_1630_ch129-pos04	1238	694	22
		18	fov-04:2016-09-28_1630_ch129-pos04	1242	718	22
	base	1	fov-04:2016-09-28_1630_ch129-pos04	1191	683	22
		2	fov-04:2016-09-28_1630_ch129-pos04	1270	710	22
		3	fov-04:2016-09-28_1630_ch129-pos04	1210	756	22
		4	fov-04:2016-09-28_1630_ch129-pos04	1266	654	22
		5	fov-04:2016-09-28_1630_ch129-pos04	1268	762	22
		6	fov-04:2016-09-28_1630_ch129-pos04	1164	664	22
		7	fov-04:2016-09-28_1630_ch129-pos04	1299	666	22
		8	fov-04:2016-09-28_1630_ch129-pos04	1172	755	22
		9	fov-04:2016-09-28_1630_ch129-pos04	1208	644	22
		10	fov-04:2016-09-28_1630_ch129-pos04	1286	725	22
		11	fov-04:2016-09-28_1630_ch129-pos04	1192	704	22
		12	fov-04:2016-09-28_1630_ch129-pos04	1243	686	22
555	center	1	2016-09-30_0855_ch129-pos04.jpg	2123	688	
	tip	1	2016-09-30_0855_ch129-pos04.jpg	2079	606	
		2	2016-09-30_0855_ch129-pos04.jpg	2186	758	
		3	2016-09-30_0855_ch129-pos04.jpg	1998	728	
		4	2016-09-30_0855_ch129-pos04.jpg	2245	572	
		5	2016-09-30_0855_ch129-pos04.jpg	2182	924	
		6	2016-09-30_0855_ch129-pos04.jpg	1876	604	
		7	2016-09-30_0855_ch129-pos04.jpg	2388	660	
		8	2016-09-30_0855_ch129-pos04.jpg	1920	768	
		9	2016-09-30_0855_ch129-pos04.jpg	2131	416	
		10	2016-09-30_0855_ch129-pos04.jpg	2243	897	
	base	1	2016-09-30_0855_ch129-pos04.jpg	2099	646	
		2	2016-09-30_0855_ch129-pos04.jpg	2153	728	
		3	2016-09-30_0855_ch129-pos04.jpg	2053	708	
		4	2016-09-30_0855_ch129-pos04.jpg	2181	620	
		5	2016-09-30_0855_ch129-pos04.jpg	2141	802	
		6	2016-09-30_0855_ch129-pos04.jpg	2023	628	
		7	2016-09-30_0855_ch129-pos04.jpg	2252	674	
		8	2016-09-30_0855_ch129-pos04.jpg	2044	714	
		9	2016-09-30_0855_ch129-pos04.jpg	2131	567	
		10	2016-09-30_0855_ch129-pos04.jpg	2173	787	
554	center	1	fov-04:2016-09-30_1630_ch129-pos04	1680	686	24
	tip	1	fov-04:2016-09-30_1630_ch129-pos04	1620	709	24
		2	fov-04:2016-09-30_1630_ch129-pos04	1734	648	24
		3	fov-04:2016-09-30_1630_ch129-pos04	1740	790	24
		4	fov-04:2016-09-30_1630_ch129-pos04	1590	575	24
		5	fov-04:2016-09-30_1630_ch129-pos04	1874	680	24
		6	fov-04:2016-09-30_1630_ch129-pos04	1522	836	24
		7	fov-04:2016-09-30_1630_ch129-pos04	1709	458	24
		8	fov-04:2016-09-30_1630_ch129-pos04	1886	828	24
		9	fov-04:2016-09-30_1630_ch129-pos04	1448	672	24
		10	fov-04:2016-09-30_1630_ch129-pos04	1828	530	24
		11	fov-04:2016-09-30_1630_ch129-pos04	1695	894	24
		12	fov-04:2016-09-30_1630_ch129-pos04	1578	528	24
		13	fov-04:2016-09-30_1630_ch129-pos04	1848	700	24
		14	fov-04:2016-09-30_1630_ch129-pos04	1546	736	24
		15	fov-04:2016-09-30_1630_ch129-pos04	1715	587	24
		16	fov-04:2016-09-30_1630_ch129-pos04	1692	766	24
		17	fov-04:2016-09-30_1630_ch129-pos04	1625	644	24
		18	fov-04:2016-09-30_1630_ch129-pos04	1732	672	24
		19	fov-04:2016-09-30_1630_ch129-pos04	1652	713	24
		20	fov-04:2016-09-30_1630_ch129-pos04	1674	656	24
		21	fov-04:2016-09-30_1630_ch129-pos04	1702	698	24
		22	fov-04:2016-09-30_1630_ch129-pos04	1666	680	24
		23	fov-04:2016-09-30_1630_ch129-pos04	1689	676	24
		24	fov-04:2016-09-30_1630_ch129-pos04	1676	693	24
	base	1	fov-04:2016-09-30_1630_ch129-pos04	1646	698	24
		2	fov-04:2016-09-30_1630_ch129-pos04	1708	665	24
		3	fov-04:2016-09-30_1630_ch129-pos04	1703	739	24
		4	fov-04:2016-09-30_1630_ch129-pos04	1636	632	24
		5	fov-04:2016-09-30_1630_ch129-pos04	1774	691	24
		6	fov-04:2016-09-30_1630_ch129-pos04	1615	744	24
		7	fov-04:2016-09-30_1630_ch129-pos04	1692	588	24
		8	fov-04:2016-09-30_1630_ch129-pos04	1764	748	24
		9	fov-04:2016-09-30_1630_ch129-pos04	1581	678	24
		10	fov-04:2016-09-30_1630_ch129-pos04	1750	622	24
		11	fov-04:2016-09-30_1630_ch129-pos04	1685	768	24
		12	fov-04:2016-09-30_1630_ch129-pos04	1643	620	24
572	center	1	2016-09-28_0835_ch129-pos05.jpg	783	308	
	tip	1	2016-09-28_0835_ch129-pos05.jpg	723	319	
		2	2016-09-28_0835_ch129-pos05.jpg	823	272	
		3	2016-09-28_0835_ch129-pos05.jpg	761	426	
		4	2016-09-28_0835_ch129-pos05.jpg	731	174	
		5	2016-09-28_0835_ch129-pos05.jpg	914	368	
		6	2016-09-28_0835_ch129-pos05.jpg	586	304	
		7	2016-09-28_0835_ch129-pos05.jpg	881	153	
		8	2016-09-28_0835_ch129-pos05.jpg	820	465	
		9	2016-09-28_0835_ch129-pos05.jpg	660	205	
		10	2016-09-28_0835_ch129-pos05.jpg	874	272	
		11	2016-09-28_0835_ch129-pos05.jpg	729	385	
		12	2016-09-28_0835_ch129-pos05.jpg	785	246	
		13	2016-09-28_0835_ch129-pos05.jpg	803	335	
		14	2016-09-28_0835_ch129-pos05.jpg	752	299	
		15	2016-09-28_0835_ch129-pos05.jpg	797	297	
		16	2016-09-28_0835_ch129-pos05.jpg	777	321	
		17	2016-09-28_0835_ch129-pos05.jpg	776	297	
	base	1	2016-09-28_0835_ch129-pos05.jpg	748	312	
		2	2016-09-28_0835_ch129-pos05.jpg	809	291	
		3	2016-09-28_0835_ch129-pos05.jpg	770	360	
		4	2016-09-28_0835_ch129-pos05.jpg	758	244	
		5	2016-09-28_0835_ch129-pos05.jpg	843	333	
		6	2016-09-28_0835_ch129-pos05.jpg	692	304	
		7	2016-09-28_0835_ch129-pos05.jpg	823	239	
		8	2016-09-28_0835_ch129-pos05.jpg	793	368	
		9	2016-09-28_0835_ch129-pos05.jpg	739	269	
		10	2016-09-28_0835_ch129-pos05.jpg	814	295	
		11	2016-09-28_0835_ch129-pos05.jpg	764	328	
		12	2016-09-28_0835_ch129-pos05.jpg	783	294	
574	center	1	fov-05:2016-09-28_1630_ch129-pos05	1716	308	22
	tip	1	fov-05:2016-09-28_1630_ch129-pos05	1768	242	22
		2	fov-05:2016-09-28_1630_ch129-pos05	1698	351	22
		3	fov-05:2016-09-28_1630_ch129-pos05	1626	256	22
		4	fov-05:2016-09-28_1630_ch129-pos05	1819	394	22
		5	fov-05:2016-09-28_1630_ch129-pos05	1581	369	22
		6	fov-05:2016-09-28_1630_ch129-pos05	1740	104	22
		7	fov-05:2016-09-28_1630_ch129-pos05	1829	484	22
		8	fov-05:2016-09-28_1630_ch129-pos05	1504	266	22
		9	fov-05:2016-09-28_1630_ch129-pos05	1889	174	22
		10	fov-05:2016-09-28_1630_ch129-pos05	1642	452	22
		11	fov-05:2016-09-28_1630_ch129-pos05	1646	170	22
		12	fov-05:2016-09-28_1630_ch129-pos05	1831	362	22
		13	fov-05:2016-09-28_1630_ch129-pos05	1636	314	22
		14	fov-05:2016-09-28_1630_ch129-pos05	1744	247	22
		15	fov-05:2016-09-28_1630_ch129-pos05	1720	338	22
		16	fov-05:2016-09-28_1630_ch129-pos05	1701	284	22
		17	fov-05:2016-09-28_1630_ch129-pos05	1744	305	22
		18	fov-05:2016-09-28_1630_ch129-pos05	1704	313	22
	base	1	fov-05:2016-09-28_1630_ch129-pos05	1748	277	22
		2	fov-05:2016-09-28_1630_ch129-pos05	1708	331	22
		3	fov-05:2016-09-28_1630_ch129-pos05	1672	279	22
		4	fov-05:2016-09-28_1630_ch129-pos05	1769	353	22
		5	fov-05:2016-09-28_1630_ch129-pos05	1652	338	22
		6	fov-05:2016-09-28_1630_ch129-pos05	1738	214	22
		7	fov-05:2016-09-28_1630_ch129-pos05	1764	392	22
		8	fov-05:2016-09-28_1630_ch129-pos05	1618	290	22
		9	fov-05:2016-09-28_1630_ch129-pos05	1796	258	22
		10	fov-05:2016-09-28_1630_ch129-pos05	1691	359	22
		11	fov-05:2016-09-28_1630_ch129-pos05	1685	250	22
		12	fov-05:2016-09-28_1630_ch129-pos05	1757	324	22
568	center	1	2016-09-30_0855_ch129-pos05.jpg	1227	754	
	tip	1	2016-09-30_0855_ch129-pos05.jpg	1292	764	
		2	2016-09-30_0855_ch129-pos05.jpg	1172	780	
		3	2016-09-30_0855_ch129-pos05.jpg	1265	646	
		4	2016-09-30_0855_ch129-pos05.jpg	1220	887	
		5	2016-09-30_0855_ch129-pos05.jpg	1073	688	
		6	2016-09-30_0855_ch129-pos05.jpg	1409	794	
		7	2016-09-30_0855_ch129-pos05.jpg	1098	910	
		8	2016-09-30_0855_ch129-pos05.jpg	1231	546	
		9	2016-09-30_0855_ch129-pos05.jpg	1354	902	
		10	2016-09-30_0855_ch129-pos05.jpg	1052	758	
		11	2016-09-30_0855_ch129-pos05.jpg	1362	668	
		12	2016-09-30_0855_ch129-pos05.jpg	1216	879	
		13	2016-09-30_0855_ch129-pos05.jpg	1188	660	
		14	2016-09-30_0855_ch129-pos05.jpg	1294	786	
		15	2016-09-30_0855_ch129-pos05.jpg	1184	774	
		16	2016-09-30_0855_ch129-pos05.jpg	1252	722	
		17	2016-09-30_0855_ch129-pos05.jpg	1234	784	
		18	2016-09-30_0855_ch129-pos05.jpg	1213	742	
		19	2016-09-30_0855_ch129-pos05.jpg	1243	760	
	base	1	2016-09-30_0855_ch129-pos05.jpg	1264	762	
		2	2016-09-30_0855_ch129-pos05.jpg	1202	764	
		3	2016-09-30_0855_ch129-pos05.jpg	1244	704	
		4	2016-09-30_0855_ch129-pos05.jpg	1223	812	
		5	2016-09-30_0855_ch129-pos05.jpg	1170	727	
		6	2016-09-30_0855_ch129-pos05.jpg	1308	775	
		7	2016-09-30_0855_ch129-pos05.jpg	1167	820	
		8	2016-09-30_0855_ch129-pos05.jpg	1232	670	
		9	2016-09-30_0855_ch129-pos05.jpg	1274	814	
		10	2016-09-30_0855_ch129-pos05.jpg	1164	756	
		11	2016-09-30_0855_ch129-pos05.jpg	1280	724	
		12	2016-09-30_0855_ch129-pos05.jpg	1224	794	
562	center	1	fov-05:2016-09-30_1630_ch129-pos05	799	1188	24
	tip	1	fov-05:2016-09-30_1630_ch129-pos05	785	1128	24
		2	fov-05:2016-09-30_1630_ch129-pos05	816	1241	24
		3	fov-05:2016-09-30_1630_ch129-pos05	706	1177	24
		4	fov-05:2016-09-30_1630_ch129-pos05	882	1179	24
		5	fov-05:2016-09-30_1630_ch129-pos05	774	1308	24
		6	fov-05:2016-09-30_1630_ch129-pos05	716	1061	24
		7	fov-05:2016-09-30_1630_ch129-pos05	924	1266	24
		8	fov-05:2016-09-30_1630_ch129-pos05	651	1237	24
		9	fov-05:2016-09-30_1630_ch129-pos05	877	1081	24
		10	fov-05:2016-09-30_1630_ch129-pos05	812	1292	24
		11	fov-05:2016-09-30_1630_ch129-pos05	740	1145	24
		12	fov-05:2016-09-30_1630_ch129-pos05	846	1178	24
		13	fov-05:2016-09-30_1630_ch129-pos05	776	1212	24
		14	fov-05:2016-09-30_1630_ch129-pos05	805	1171	24
		15	fov-05:2016-09-30_1630_ch129-pos05	810	1198	24
	base	1	fov-05:2016-09-30_1630_ch129-pos05	791	1160	24
		2	fov-05:2016-09-30_1630_ch129-pos05	807	1215	24
		3	fov-05:2016-09-30_1630_ch129-pos05	753	1186	24
		4	fov-05:2016-09-30_1630_ch129-pos05	844	1181	24
		5	fov-05:2016-09-30_1630_ch129-pos05	785	1244	24
		6	fov-05:2016-09-30_1630_ch129-pos05	764	1132	24
		7	fov-05:2016-09-30_1630_ch129-pos05	850	1228	24
		8	fov-05:2016-09-30_1630_ch129-pos05	744	1213	24
		9	fov-05:2016-09-30_1630_ch129-pos05	825	1145	24
		10	fov-05:2016-09-30_1630_ch129-pos05	802	1223	24
		11	fov-05:2016-09-30_1630_ch129-pos05	786	1178	24
		12	fov-05:2016-09-30_1630_ch129-pos05	814	1187	24
588	center	1	2016-09-28_0835_ch129-pos06.jpg	1172	299	
	tip	1	2016-09-28_0835_ch129-pos06.jpg	1197	380	
		2	2016-09-28_0835_ch129-pos06.jpg	1144	238	
		3	2016-09-28_0835_ch129-pos06.jpg	1042	363	
		4	2016-09-28_0835_ch129-pos06.jpg	1324	276	
		5	2016-09-28_0835_ch129-pos06.jpg	1168	108	
		6	2016-09-28_0835_ch129-pos06.jpg	1115	482	
		7	2016-09-28_0835_ch129-pos06.jpg	1289	164	
		8	2016-09-28_0835_ch129-pos06.jpg	1029	216	
		9	2016-09-28_0835_ch129-pos06.jpg	1227	403	
		10	2016-09-28_0835_ch129-pos06.jpg	1173	232	
		11	2016-09-28_0835_ch129-pos06.jpg	1105	326	
		12	2016-09-28_0835_ch129-pos06.jpg	1203	293	
		13	2016-09-28_0835_ch129-pos06.jpg	1156	289	
		14	2016-09-28_0835_ch129-pos06.jpg	1174	310	
	base	1	2016-09-28_0835_ch129-pos06.jpg	1188	343	
		2	2016-09-28_0835_ch129-pos06.jpg	1156	264	
		3	2016-09-28_0835_ch129-pos06.jpg	1105	332	
		4	2016-09-28_0835_ch129-pos06.jpg	1249	291	
		5	2016-09-28_0835_ch129-pos06.jpg	1177	202	
		6	2016-09-28_0835_ch129-pos06.jpg	1134	388	
		7	2016-09-28_0835_ch129-pos06.jpg	1234	242	
		8	2016-09-28_0835_ch129-pos06.jpg	1113	261	
		9	2016-09-28_0835_ch129-pos06.jpg	1188	338	
		10	2016-09-28_0835_ch129-pos06.jpg	1175	282	
		11	2016-09-28_0835_ch129-pos06.jpg	1154	305	
		12	2016-09-28_0835_ch129-pos06.jpg	1180	301	
581	center	1	fov-06:2016-09-28_1630_ch129-pos06	284	762	22
	tip	1	fov-06:2016-09-28_1630_ch129-pos06	212	786	22
		2	fov-06:2016-09-28_1630_ch129-pos06	334	731	22
		3	fov-06:2016-09-28_1630_ch129-pos06	330	862	22
		4	fov-06:2016-09-28_1630_ch129-pos06	154	688	22
		5	fov-06:2016-09-28_1630_ch129-pos06	446	756	22
		6	fov-06:2016-09-28_1630_ch129-pos06	124	884	22
		7	fov-06:2016-09-28_1630_ch129-pos06	228	560	22
		8	fov-06:2016-09-28_1630_ch129-pos06	371	948	22
		9	fov-06:2016-09-28_1630_ch129-pos06	84	751	22
		10	fov-06:2016-09-28_1630_ch129-pos06	411	671	22
		11	fov-06:2016-09-28_1630_ch129-pos06	238	902	22
		12	fov-06:2016-09-28_1630_ch129-pos06	226	686	22
		13	fov-06:2016-09-28_1630_ch129-pos06	318	802	22
		14	fov-06:2016-09-28_1630_ch129-pos06	240	778	22
		15	fov-06:2016-09-28_1630_ch129-pos06	295	744	22
		16	fov-06:2016-09-28_1630_ch129-pos06	284	783	22
		17	fov-06:2016-09-28_1630_ch129-pos06	270	756	22
	base	1	fov-06:2016-09-28_1630_ch129-pos06	246	770	22
		2	fov-06:2016-09-28_1630_ch129-pos06	314	745	22
		3	fov-06:2016-09-28_1630_ch129-pos06	303	812	22
		4	fov-06:2016-09-28_1630_ch129-pos06	226	728	22
		5	fov-06:2016-09-28_1630_ch129-pos06	350	761	22
		6	fov-06:2016-09-28_1630_ch129-pos06	210	810	22
		7	fov-06:2016-09-28_1630_ch129-pos06	266	688	22
		8	fov-06:2016-09-28_1630_ch129-pos06	311	840	22
		9	fov-06:2016-09-28_1630_ch129-pos06	206	755	22
		10	fov-06:2016-09-28_1630_ch129-pos06	330	728	22
		11	fov-06:2016-09-28_1630_ch129-pos06	266	814	22
		12	fov-06:2016-09-28_1630_ch129-pos06	266	740	22
585	center	1	2016-09-30_0855_ch129-pos06.jpg	2077	729	
	tip	1	2016-09-30_0855_ch129-pos06.jpg	2140	697	
		2	2016-09-30_0855_ch129-pos06.jpg	2050	787	
		3	2016-09-30_0855_ch129-pos06.jpg	1988	670	
		4	2016-09-30_0855_ch129-pos06.jpg	2213	788	
		5	2016-09-30_0855_ch129-pos06.jpg	1926	848	
		6	2016-09-30_0855_ch129-pos06.jpg	2012	500	
		7	2016-09-30_0855_ch129-pos06.jpg	2273	908	
		8	2016-09-30_0855_ch129-pos06.jpg	1806	724	
		9	2016-09-30_0855_ch129-pos06.jpg	2225	500	
		10	2016-09-30_0855_ch129-pos06.jpg	2080	948	
		11	2016-09-30_0855_ch129-pos06.jpg	1986	531	
		12	2016-09-30_0855_ch129-pos06.jpg	2276	745	
		13	2016-09-30_0855_ch129-pos06.jpg	1975	796	
		14	2016-09-30_0855_ch129-pos06.jpg	2112	633	
		15	2016-09-30_0855_ch129-pos06.jpg	2105	775	
		16	2016-09-30_0855_ch129-pos06.jpg	2040	702	
		17	2016-09-30_0855_ch129-pos06.jpg	2109	714	
		18	2016-09-30_0855_ch129-pos06.jpg	2070	746	
		19	2016-09-30_0855_ch129-pos06.jpg	2073	710	
		20	2016-09-30_0855_ch129-pos06.jpg	2091	734	
	base	1	2016-09-30_0855_ch129-pos06.jpg	2106	710	
		2	2016-09-30_0855_ch129-pos06.jpg	2058	754	
		3	2016-09-30_0855_ch129-pos06.jpg	2032	699	
		4	2016-09-30_0855_ch129-pos06.jpg	2146	762	
		5	2016-09-30_0855_ch129-pos06.jpg	1997	790	
		6	2016-09-30_0855_ch129-pos06.jpg	2046	625	
		7	2016-09-30_0855_ch129-pos06.jpg	2168	832	
		8	2016-09-30_0855_ch129-pos06.jpg	1967	726	
		9	2016-09-30_0855_ch129-pos06.jpg	2158	628	
		10	2016-09-30_0855_ch129-pos06.jpg	2079	806	
		11	2016-09-30_0855_ch129-pos06.jpg	2037	648	
		12	2016-09-30_0855_ch129-pos06.jpg	2145	736	
578	center	1	fov-06:2016-09-30_1630_ch129-pos06	1191	1157	24
	tip	1	fov-06:2016-09-30_1630_ch129-pos06	1163	1190	24
		2	fov-06:2016-09-30_1630_ch129-pos06	1190	1208	24
		3	fov-06:2016-09-30_1630_ch129-pos06	1212	1066	24
		4	fov-06:2016-09-30_1630_ch129-pos06	1144	1270	24
		5	fov-06:2016-09-30_1630_ch129-pos06	1368	1131	24
		6	fov-06:2016-09-30_1630_ch129-pos06	1018	1156	24
		7	fov-06:2016-09-30_1630_ch129-pos06	1310	1330	24
		8	fov-06:2016-09-30_1630_ch129-pos06	1149	938	24
		9	fov-06:2016-09-30_1630_ch129-pos06	1058	1330	24
		10	fov-06:2016-09-30_1630_ch129-pos06	1417	1198	24
		11	fov-06:2016-09-30_1630_ch129-pos06	1044	1029	24
		12	fov-06:2016-09-30_1630_ch129-pos06	1200	1350	24
		13	fov-06:2016-09-30_1630_ch129-pos06	1278	1018	24
		14	fov-06:2016-09-30_1630_ch129-pos06	1075	1168	24
		15	fov-06:2016-09-30_1630_ch129-pos06	1260	1201	24
		16	fov-06:2016-09-30_1630_ch129-pos06	1180	1100	24
		17	fov-06:2016-09-30_1630_ch129-pos06	1172	1204	24
		18	fov-06:2016-09-30_1630_ch129-pos06	1230	1144	24
		19	fov-06:2016-09-30_1630_ch129-pos06	1172	1147	24
		20	fov-06:2016-09-30_1630_ch129-pos06	1203	1171	24
		21	fov-06:2016-09-30_1630_ch129-pos06	1195	1142	24
		22	fov-06:2016-09-30_1630_ch129-pos06	1186	1161	24
	base	1	fov-06:2016-09-30_1630_ch129-pos06	1178	1172	24
		2	fov-06:2016-09-30_1630_ch129-pos06	1194	1180	24
		3	fov-06:2016-09-30_1630_ch129-pos06	1205	1108	24
		4	fov-06:2016-09-30_1630_ch129-pos06	1170	1211	24
		5	fov-06:2016-09-30_1630_ch129-pos06	1271	1146	24
		6	fov-06:2016-09-30_1630_ch129-pos06	1105	1155	24
		7	fov-06:2016-09-30_1630_ch129-pos06	1238	1239	24
		8	fov-06:2016-09-30_1630_ch129-pos06	1177	1060	24
		9	fov-06:2016-09-30_1630_ch129-pos06	1128	1224	24
		10	fov-06:2016-09-30_1630_ch129-pos06	1284	1176	24
		11	fov-06:2016-09-30_1630_ch129-pos06	1134	1104	24
		12	fov-06:2016-09-30_1630_ch129-pos06	1196	1226	24
